0.9917729090417593
0.6352920196456852
0.0881234285673872
1.1047170107171533
-1.6751727723211655e-16
1.6911536969101168e-16
-1.8572704633404561e-16
-1.4955965824021782e-16
8.530659910873983e-17
-0.3105320178630665
0.2502292292052507
0.06360028384055046
-0.04538684814469778
-0.07679758969801037
-0.3118350972285354
1.3374500878557264e-16
-1.2946505558984653e-30
-5.5369128346926384e-17
5.224610352463019e-16
-3.1214289169128687e-15
0.05271336148288837
-0.03606876630916659
0.3897239425553858
-0.7136343677947923
-2.819404425482587e-33
-3.1989728716161863e-17
6.973732685148794e-17
-4.9745963824174434e-17
9.217151211555285e-17
-1.1040213096554862e-16
1.9470576859581938e-17
-2.697771920650991e-17
0.1719653276158258
0.08545122424685947
0.3773774281581017
0.20448257329065334
-0.33394246286231416
3.721079712352084
0.24565384766040357
4.049468407276751e-16
-3.271303825202018e-16
-1.8092973565075043e-16
-2.891089875328857e-16
-4.664534653488808e-16
-4.495685798088022e-16
-2.2432824409962513
0.19246815199565168
0.11668045396412946
1.3631055191581813
-0.18790191821285598
-7.300876100829782e-17
-4.766603180220034e-17
-1.1755812566737346e-30
1.6659779063730695e-15
5.20047238367185e-15
1.0343366452762233e-16
6.333628260746267e-15
1.8449883755168468e-17
-4.890841095289407e-17
-0.5199022240519096
-0.007847129885561759
-0.07337708469096134
-2.848308952588344
-0.10808547339976497
-2.1349732268081937e-15
-3.5315516676811864e-15
-1.0109057969918845e-15
-5.3515208119175333e-17
-1.1803407011011544e-29
-2.1993770578072225e-16
-4.1068482824177525e-16
-5.559554046755122e-16
-2.1603358061765624e-14
-1.7094024183774682e-15
1.870888825383433
0.2641975186562939
-0.8260789989605336
-0.44478110031117585
-0.05987194896606774
-0.5113040395083372
-0.30668179723322936
0.14456933960815435
1.1688622640465514e-15
-7.931470760181625e-16
-4.649707160299967e-16
-8.8510217592941e-16
-3.983497313030781e-16
1.7325287713837202e-16
6.944599419516299e-17
-4.405600813960528e-17
0.22527392773164787
-0.12261132094669516
0.008343044900798964
-0.27668751146782006
-0.5633898466116558
-0.12361164809235181
6.009415940482362e-15
2.019704131566858e-30
-1.0138742049773233e-16
5.910705555167442e-16
-9.926584552253328e-17
3.011224375740289e-16
8.446302689694502e-17
1.7448690183167853e-31
1.637445206448845e-16
-3.7864964534489567e-16
-0.0
0.21057843103861684
-0.31831940022702354
0.15176572407344524
-0.6398146577895374
0.4065308751602333
0.15436963456476768
0.0220097232400141
0.031437682429374995
-0.6398154074172142
1.686535315368822e-16
-6.073802663421085e-16
-1.5531424257051046e-16
-2.9596678912399895e-16
-8.743927186642029e-17
-2.9347071480044264e-14
-4.9038129448860743e-11
6.2081888954768e-17
-1.3689238169590297e-16
-0.042703650615682445
-0.09489785439067916
1.0489937455145644
0.9180754800440536
-0.5360276072758878
-0.294842239603602
0.06856773964754272
1.2643659076665426
0.060452225352935166
0.4649691017016175
-1.4887244768463664e-16
5.703916229495043e-16
6.453435861021074e-15
2.0135152032299982e-16
1.3754024296515242e-16
-1.4699729684498322e-16
-7.618839307911489e-17
1.203154426559434e-16
-1.966548942428908e-16
-0.46268195567282655
0.23222936051916643
0.2655855683736754
-0.1942702868970745
-0.3223718806964487
0.3098504873799348
-0.2187438838865546
0.4223376417648231
-0.019081242114798006
-2.104336480493935e-31
-1.256533900872854e-31
1.019231263216592e-15
-3.5535645903408135e-16
-9.787352164798689e-32
6.696736885009869e-31
8.091600986766548e-17
1.3414736488815442e-16
6.347249262084001e-17
-2.2347557653326574e-16
-0.0
-0.20607800350013114
-0.21649997571188226
-0.0925142033796725
-4.748060983315616
-4.909958906890675
-4.077125171405014
-0.3887153808382048
0.40629919932272707
-4.875662034099694
3.7694047490731216e-15
-9.816527768695066e-16
-3.676998710540062e-15
4.9141249191490354e-15
-2.2853222089109647e-15
-2.23576248666693e-15
9.537813497242802e-15
-2.47917788431838e-13
-2.5854067214081776e-16
-9.870735780502101e-17
2.0221601596979573e-16
-1.132664785195176e-14
3.833926091382712
0.21710949501749183
0.0965335514313105
4.186922394859528
-0.05111287745736384
-0.4975301672055056
0.3880829995097854
0.07560434001953817
-0.07665474625862163
-0.5067153639776782
6.130385009617373e-15
-2.3768024792903654e-15
-3.344806417206521e-16
5.648867658966335e-16
1.113196225557078e-15
-6.880379457656058e-16
3.6391065128263307e-16
-4.1592980869327643e-16
2.7202761265935142e-14
-3.8645470244049046e-14
-7.871695585552502e-16
-1.4836207782864437e-14
-2.626233111052468
-0.2206372071102868
0.010608762054525862
0.09798894157774943
0.2615475719128109
-3.0235870708923867
0.06859451515528735
0.17339656050396876
-0.040912679840984525
0.07075901622577586
0.09905683081183372
0.08163287231272555
2.2414485499357016e-15
-3.701963688114958e-15
1.4580952338982883e-15
2.1072204043252146e-15
5.014508725954943e-17
-3.654779491517927e-16
4.534719296262674e-16
2.267472149458497e-14
4.0044888560146376e-15
1.5063427610963475e-15
2.9350966531630396e-16
2.50306288375852
-0.286654868760367
0.29355246600567697
4.244315433389687
0.601530663746877
3.3476661995170995
3.8136328480241075
-0.2839883886595405
0.07765918549937399
0.1824075489855567
0.7681424703221315
0.3707607469236101
-4.838206915576635e-16
9.998469882838488e-14
5.530857430921426e-14
-6.394096048287776e-16
1.852977473674292e-15
-2.456252403204732e-15
-5.3878174215101035e-15
1.6432073409210798e-14
6.466295275443652e-15
6.5711609574692994e-15
-6.276425765800999e-16
1.1215567891538693e-16
-2.608940522112081
-0.3173843240983843
-0.24748331963754153
0.08214688631404973
0.2365242920874399
-1.4847117582265998
0.19707261758161443
3.365283630416668e-16
-4.283124817516937e-16
-3.815740853991731e-16
-5.434472058063694e-15
9.178650796935399e-17
-4.2553263774103206e-16
-3.0962814682921947e-14
-7.154448696742404e-15
1.4826609785785884e-16
-5.378877757912136e-16
4.278767552936632e-14
-1.2934449171349724e-11
-2.6377576028607957e-31
1.231696505712568e-16
-7.627132158525961e-17
2.569625938103401e-16
-2.1050487644549112e-16
-3.024587748404098e-16
0.9184596678231085
0.3682025855333315
-0.3488391965365974
-0.22562118943726875
0.26688201656835653
0.8040311166996916
0.37673080071977927
0.29946709869526683
0.6029819818784687
0.6787165994577523
-0.33292378902292274
0.3133547072626387
0.04853868958336063
0.0008571234438325314
1.3528770099862201e-15
1.4467504709805133e-15
-4.1943500583461156e-14
1.3159916710545218e-14
-2.5176615118546957e-13
-2.31000044522816e-16
5.799879712416122e-15
-3.0076493471655545e-16
2.7774931733135535e-16
-2.645012626434443e-15
2.1858083690789524e-16
-5.140770748038166e-17
-0.1940250861762202
154.75591426782296
0.10880997643419686
-0.2532631452498418
-0.3638111911557191
0.5350839992293356
83.07975467775371
121.67294105189528
0.292515019242893
81.06502453628255
7.554396651662749e-15
8.564907906982566e-14
-1.0182247778536424e-13
4.638091835048846e-15
-1.4949746110842272e-14
-1.489135927819219e-14
-5.67012889255418e-14
2.9694789656780605e-14
-4.034535613879297e-14
-2.6004284338593592e-14
4.156509641594208e-15
1.3575824121764208e-13
5.956160136100388e-14
-5.702831523708096e-16
3.924835555136643e-13
-5.898544949156973e-15
1.9721216774253558e-12
-48.63990998138083
0.14727210769080318
0.20520885019808435
0.00391852872010851
-0.19279423792245654
-0.039398276221585704
0.1603722287465628
0.2276054607267267
0.45742513840710936
0.26796941667085244
-0.05934785433401028
0.30597301192718623
-0.09286972010507283
0.4159680798178209
8.358051962648722e-16
-7.884772346889365e-17
-2.398212384933157e-15
-4.604811513967245e-13
2.9313491736439062e-15
-2.162865560603967e-16
5.996617820807938e-31
1.4807838114464265e-16
-6.643405912330849e-17
9.19764336577609e-18
-2.7446062713063785e-17
1.7782181355055517e-16
-3.1690433213668263e-15
7.901805743273531e-16
-0.05540381387012279
0.23746505553406735
0.18031862997029557
0.26640756482878736
0.5570135703859223
0.0659586344348638
-0.24592400670767298
0.021479793327526742
0.1726795400759431
-1.178289224011671e-16
-2.4255821828882837e-30
-8.5015590030423e-17
-4.794823381063951e-17
-1.5601468171588927e-17
-2.4341349990469624e-16
1.0762763554966663e-15
1.848364483085688e-16
-1.222994267705664e-17
4.125897224012632e-17
-1.1494000967126874e-32
-1.853283276550432e-17
-4.258015071001267e-17
4.619626313645311e-17
5.832358890837978e-32
1.9937046272184035e-16
-1.7331988083091825e-17
2.790832690897919e-16
-1.1958504956105747e-16
4.642435386549865e-16
-0.08981891521745589
-27.50872648367323
3.0000000000000093
6.312550371728658e-16
-3.616778420989791e-15
10.87977303954569
-716.0917411612254
-334.7164555644353
8.324462090224058e-11
4.361520381708562e-11
-6.821051366487094e-11
276.06065077579
2.000000000000016
0.1781878558116345
1.3111979230775037e-16
-2.0194633134819137e-16
-3.6586954961399843e-16
-7.975869673692966e-15
1.8796502227659804
-6.852351944539577
3.0000000000367963
1.911418088274683e-11
8.800030964008431e-16
-1.5083934448644001e-15
7.254590796686058e-14
-1.2861361502941377e-11
6.91989870999573
1.9999999999999982
-1.3312278044999986
-6.452434454130606e-16
1.5661099404180487e-15
-2.5571424849395847e-16
5.528588090101894e-16
-4.258254386092116e-16
-0.0
2.2897532903282345
36.77252030818547
2.999999999999945
1.82155856778639e-15
1.2935143708271195e-14
8.492331208835245e-14
9.23267145639045e-14
-2.4575783262400644e-15
1.6271491190518226e-14
8.045761182294947e-14
-26.82478583517193
2.000000000000016
19.760184803742053
-1.657614583798973e-14
-3.236869713115105e-14
3.281667164863492e-14
3.220118995318327e-13
1.6326628060186078e-15
1.3813559414365278e-14
-1.6743769897910922e-14
-9.670251794368097e-14
-13.743525762688112
1.2347844169772857
2.7256099233800644
1.7169828597407935e-16
6.67988383546238e-16
1.2322450088800687e-15
-0.42121217335031436
-3.5778418776846312e-16
4.5460044329890137e-17
-4.60006983817908e-17
-9.273028991740119e-17
-0.0
0.2326965718955714
26.893501521125636
12.102145685954673
14.225357431161159
1.4531456742839194e-14
1.0982524991006332e-14
-7.89955081152932e-15
-4.676908276295648e-14
-1.8886527505723984e-14
4.2515328282069226e-14
-4.826064651026433e-14
-6.063150759937839e-15
-2.8368104343877716e-14
-7.832451768468713
2.0000000000000364
3.000000000000007
3.6744930249508574
7.8837312840915015
4.569967683938668e-15
-2.7103503975566197e-14
6.884094589533953e-16
-5.687932502769632e-15
1.6341014332830814e-30
2.9904268188941446e-31
-4.129802209834097e-16
2.1565888579138966e-16
7.068519867141503e-16
-3.0568150012423114
0.8358242591424226
-0.4542781555009344
-0.41539634994637853
0.9210264040485007
-0.9904873911432848
0.31032065330363057
0.9195432159431572
1.3393492268610694
1.1326048943014377e-16
-0.6614791802721772
-2.405459096598854
4.223750122447061
2.9949919394293945
2.818130789364787
-6.454943124703436
-1.8837088740064506e-14
-1.8873605570125382
-5.953717736591604
-0.4794612479186977
-1.2747140226405582
6.15696773083729
-1.0136041034738577
-1.9605163277059343
4.79717758754307e-14
3.0819162390875865e-14
4.946115950736832
-17.888220478266366
-36.880079651079996
4.291922302317484
-18.15485495829468
36.55978037638844
0.6853814404188168
11.852472984456167
-4.665457951468311e-13
2.9518775620353304e-12
15.648879240812201
0.09096856711453098
-0.4013683231363199
-1.8239050758650568
-4.8555475807682695
3.0884378374338235
6.0821062126650585
-0.0023979500972219694
-0.7186502631968591
-2.4772069506015378e-14
1.3799075605610664e-14
-2.6595024286482457e-15
-0.6944827375301846
0.27345880530405126
-0.9276580811634887
-0.28017717146667653
0.3332230342455959
-0.21322258492627394
-0.059449327479428306
0.5744265417490875
-1.1183082033305185
0.2258668731673271
-4.782661533336997e-15
-3.033094704857963e-15
2.277959999604881e-15
1.207977085998514
32.144384539610265
6.028831268232974
-1.1953947591211458
-9.984533990440648
5.530363347818105
5.581156781085891
-15.573744458555701
8.46566713613949
-14.673401732546047
-12.143483626622038
-1.152803072771085e-12
6.748772252947076e-12
5.274326938129125e-13
6.046718425189418e-13
-0.07374766326090658
0.8650413352228135
-0.5469511810689185
-0.7870819015970096
-2.611626339404968
3.6673574532246165
0.5463657557093798
-1.0599164497520337
0.3896002879783768
-1.00900340614962
0.7721373255306897
-1.0174453694865302
2.598860604808506e-14
7.340774242612533e-14
1.997351997951849e-13
-1.739743696838062e-14
1.022403102888845
2.116889117114565
-0.47429835307918505
1.674612833965926
-0.7577070059810905
-1.9115174568345863
-0.6279823493620043
1.0415015971785953
-0.40082428976359297
-2.258178898949857
0.28936865416960594
0.24756275763081242
1.764217690574318
9.829812107477821e-14
2.437368191443314e-13
-3.486691446342086e-14
1.5643327098085084e-13
1.775657624952809e-14
0.6469960611853849
0.8070743085063383
-0.321151349049829
-0.4525079489135987
-0.06186454597280084
-0.20619992120533662
0.8361093773004508
-0.7971805996961769
-0.6858817403490685
1.1343697593756994
-0.7691048801759468
0.20079284887452556
-0.18594620938739653
1.1936989587090052
-0.5021229144410521
0.14144811097273907
0.24009207893185153
0.23057090079564135
0.43208813785858147
0.7536226435201215
0.006057295665444622
-0.306564861732254
-0.33614066795669273
-0.32889175839347046
0.629422967049004
-0.5101135193952429
0.5906252782623714
-0.16277855012620476
0.3761951516816565
0.268472295436665
0.40620503400880137
-0.4594980197783096
0.6638232306243426
0.4184357885573661
0.3228051448649117
-0.23882096885316434
0.3472923189874123
-0.31966437869841574
0.2855600430016279
0.36380928470244883
-0.17254476452040227
0.5650378688058789
-0.5552379096821723
0.31723134235437556
-0.07197467285965127
0.10659072108946446
0.15572059453399942
0.7234156542143277
-0.8123505295257879
-0.018199356271162932
0.22051108467345087
0.12459616465704258
0.011025340652468647
-0.06918967998728064
0.3991587276805682
0.05402959381737751
-0.0895208856322962
0.10422722756220398
0.04448879230320993
0.5913442308735977
-0.4620074978169092
0.22043277278134876
-0.12608859840309547
0.4517387341954528
-0.49344207414317715
0.17641125142255115
0.2453465917591728
0.15756567730880228
0.20256820923697005
-0.07015857658959014
0.11627921879714986
0.12029995859666591
0.268771994955729
-0.301177457188586
-0.21535815794716376
0.19229694329979377
0.6610031655270014
0.07707204968981546
-0.4380149056282626
0.593846795155265
0.17739727066771924
0.5984845648391119
-0.2397357761362335
0.07419643354050226
0.3947227874798063
0.5830814951416293
-0.2367030555826836
0.1305139727821921
-0.3695826024264998
-0.8501533583431744
0.16228978096704164
0.48661202047004926
0.07729209189742361
-0.2158592062222611
-0.31546809060208825
0.24018664070000578
-0.055459408559925004
0.45317927104424954
0.221343873773114
0.24021972853523443
0.05156691874101232
-0.12803703985647366
-0.3864707727099358
0.19372554969834715
0.22456591347184762
-0.2799092336312183
2.0
2.9999999999999996
-4.692957100449324e-15
1.1497978076895578e-14
1.2062906757816024e-15
-7.87769631216039e-15
1.9999999999999964
3.0
-2.978951641543798e-15
6.660963173673753e-15
6.158550063367762e-16
-6.991615641281743e-15
3.310583726759766e-15
1.9999999999999871
3.000000000000002
1.2110219741700287e-14
-1.3820980462614525e-14
8.638692346144526e-15
-4.877975966060803e-15
-1.5904437248750342e-15
8.116737613646546e-15
1.9999999999999951
3.000000000000008
-5.542996499911604e-15
-1.3090492703375312e-14
1.3070862341602128e-15
5.48758271601264e-15
1.1098534647481248e-14
-4.1229920813191024e-15
-3.82641172910032e-15
1.9999999999999973
2.9999999999999973
-4.2833061024823746e-15
-6.148585705572187e-15
1.7832988382757408e-15
3.7009059105689973e-16
3.18546946670262e-15
4.392431004182066e-15
-8.207567133765577e-15
9.799484713968404e-15
2.0000000000000178
3.0000000000000058
1.7648393258982743e-14
-1.2753627986945787e-14
-4.1781920162432114e-15
-1.1290363817428174e-14
1.1084059445374063e-14
9.067212050626336e-15
-8.828750527381302e-15
-1.8492301799878747e-14
7.397974562827994e-15
2.0000000000000018
3.0000000000000044
-8.505797989637713e-15
-1.3456572662443211e-15
1.4607549284096428e-15
2.5253647770664606e-15
-5.798693194563477e-15
1.066845356330936e-14
-7.560116000357565e-15
5.468906781495255e-15
2.1205471969252192e-15
-5.870147834147124e-15
1.9999999999999996
2.9999999999999853
-3.9735605408022815e-15
-1.4735170266884194e-14
9.2957089331419e-15
-2.2948438043643033e-15
-1.1695251457679371e-15
1.1682439070152073e-14
-1.29073369010497e-14
8.881474485156485e-16
2.248158645014953e-15
1.3322457163984844e-14
1.046046826390852e-14
2.000000000000006
2.999999999999999
-7.30241084847841e-16
-6.129010333239198e-15
2.6710174741219393e-15
-2.2720313632916137e-15
-6.982460212839507e-16
-1.337050960537064e-15
2.758556095113474e-15
-6.900695407680388e-15
2.5020817343652426e-15
1.9100420440228484e-15
-2.478030827821906e-15
6.455416780362973e-15
2.0000000000000124
3.000000000000036
3.119810015537464e-14
-5.38441351843963e-14
3.379748909781171e-14
-6.249167670679387e-14
-2.2536172937422368e-14
-6.514266724576529e-14
-2.872470462473083e-15
2.0526209037715778e-16
1.250884768343493e-14
3.891017710100654e-14
5.154527845139724e-14
-1.846360416771897e-14
-3.016478405924584e-15
0.015034950703769045
-0.8743885389899673
0.1566950380803757
5.745496181938167e-16
-5.032294439234903e-16
2.6106450885162237e-16
-6.409837977201161e-17
-2.8653018854407337e-31
-8.347299220829072e-17
9.318908633075373e-17
7.000616329697108e-32
-1.0231335073533702e-16
1.9169724772003462e-16
8.637641033589375e-17
-1.3111356821514801e-16
-1.1442443661511602e-31
3.586807024365165e-32
-6.692744564499244e-32
7.339516643800037e-32
8.585287708351451e-32
4.7510721809771366e-17
-9.042110194065033e-32
-1.0429651975486465e-16
7.170467956705698e-17
-1.792787271886434e-16
1.7215288518803125e-16
-1.7766726753438293e-16
2.276461256072553e-16
-2.1534512354670808e-16
1.2300357408623168
0.0744900320832628
0.0452343611406261
-0.19311786173686707
-5.545713292992574e-17
8.039987618642011e-17
9.321251884837976e-17
-2.5464576135498154e-16
7.286703265994138e-16
-9.031779383036541e-17
-8.057596502112292e-17
2.228019701595325e-16
-1.5195926186342617e-16
2.4841982260996645e-16
-2.0233941350908647e-16
1.0616663719082434e-16
5.111792954450844e-17
-1.1562757302840086e-16
-2.3296448038783353e-31
-2.0048456284690027e-16
6.52695577924937e-17
2.245688629579004e-16
2.0544286238371424e-32
9.346723022094542e-17
-8.430520014736175e-17
-6.363753839784548e-17
6.077462387644111e-17
-1.6078053128851364e-16
2.5210671936264335e-16
-2.079853997831251e-16
1.4375575375593023e-16
0.7867227427022068
-0.03330031836503754
0.18121845102320713
0.029876412413306862
1.4819633018648087e-16
-3.7322163094350154e-17
-9.829812637919659e-17
-1.899061206030768e-31
1.8150390317325416e-17
-2.5172108656733074e-17
1.918928197791347e-32
9.658461937857936e-17
-3.8204257085855415e-17
-5.190888489004436e-17
5.0154691450290143e-17
-7.57783145153641e-17
1.1588077759428937e-16
-4.039975191733995e-17
-3.674588503738305e-17
-1.198046676567221e-16
-2.213738254109688e-32
-5.215781151178044e-17
4.645342055535177e-17
2.3233898146751457e-17
-0.0
9.113953812120789e-17
-7.899477645863154e-17
8.92783554715394e-17
-1.4656699625366592e-16
-3.9292366417385196e-17
-0.0
-5.642769493833903e-17
6.295306644517329e-17
0.22228009949189245
0.036149378158586994
0.2823985523510912
-0.07748237412342855
0.0
-1.2593304344563525e-16
3.9681218254773e-17
3.096805546988302e-17
-1.2408158598493083e-16
-1.3612781639197725e-32
6.317887732642818e-17
9.418670030893012e-17
-1.7573323605507896e-16
1.2539813282516012e-32
-1.333805405900744e-16
1.2051419612044113e-16
-3.4957738467282845e-17
-4.150624591558514e-17
5.878516593428258e-17
2.3223227146773566e-32
-8.707105914869631e-17
3.2085067382125016e-17
-3.823286940775038e-17
6.848847516119504e-17
-6.405998083266253e-17
2.721618671823784e-16
-9.411722547517852e-33
-2.0317602127430817e-47
1.5984669522901702e-32
-6.189726711187876e-17
-3.965221409977003e-17
2.824808283308293e-17
-8.472929129177746e-17
6.73577256492902e-17
0.27912992011463206
-0.0813766616530917
0.34689053754513455
0.2082576205625604
1.8929394386579678e-15
-1.0355351487228496e-16
-4.8924745086992306e-17
-3.537940990836144e-17
7.880783296012314e-17
-0.0
-9.274227785865957e-17
1.202474423481618e-16
-2.6172416646359444e-17
8.189342454426046e-17
-7.022001313536165e-17
6.45407493956482e-17
2.2631082906565666e-17
-1.8968398775918202e-17
-5.0273523950391484e-17
1.774870415089723e-17
-5.612422177525671e-32
4.241183849900459e-17
-3.625648841358617e-17
-4.356406931915811e-17
2.5196138497478435e-17
1.292424524870381e-16
-1.024995304079951e-16
5.903908455637805e-17
-7.796598065054795e-17
-5.535252931728129e-17
7.167332416918339e-17
-1.984053319625644e-17
3.086412843090666e-17
3.256449776120161e-17
-2.5692854715151823e-17
5.698847539735763e-17
0.45553990629227553
0.07520421340571082
0.22184567139977412
-0.8242325611497103
9.237598281120421e-17
1.1471896695774397e-16
4.4048569317209033e-16
-1.246748649918754e-16
-1.0332291509414654e-16
5.927259933387377e-17
-1.002611019015352e-32
7.201404357683485e-17
1.4485702189534745e-16
-1.4773097412489208e-16
-2.4758937816160927e-16
3.911595912918245e-16
9.403609445908662e-17
1.2518474730456708e-16
-3.2967302543561465e-16
2.7270791200802407e-16
-1.0656736266910949e-16
8.109016318165888e-17
-8.930215640577266e-17
6.392891332156205e-17
-2.0769985842360898e-16
1.0412147106571095e-16
1.6226111423113518e-16
-1.933065050182646e-16
4.1043181345451303e-16
-9.839705223346673e-17
-2.207034787745365e-16
1.7709824781369426e-16
-0.0
-8.876215520090931e-17
3.605683306740124e-32
1.1076695983726763e-16
-0.0
0.8626446173087834
0.2526166126284504
0.06406320710563065
-0.10709142342188485
3.274477819834905e-16
-6.853825866929545e-16
2.218503808426055e-16
-1.6830316754965222e-15
6.72232450738479e-17
-7.442702055002517e-17
9.769715351299019e-17
9.71319744319819e-17
-1.6562956418117512e-16
9.891192511646583e-17
1.331797628305929e-16
-7.056972564553456e-17
-0.0
1.397281652671569e-16
-5.687281657494023e-16
-3.1715903463854656e-31
3.611468938955242e-16
-1.1227794664045607e-16
-7.678626674574908e-17
1.3286611501586674e-16
-7.841038153095728e-17
-1.1876652635748285e-16
9.805962179633889e-17
3.9611237061403257e-16
-1.1031876658778726e-16
1.6907788826687825e-16
-2.60345142821306e-16
2.586824911288487e-16
-7.16722472513762e-17
-2.2094360207414435e-16
3.6868681741458055e-32
-8.148554405910457e-17
8.052705945745164e-17
-1.2442013941993071e-16
8.093714615431981e-17
0.33762578245264563
0.27422837524860266
-0.14478867317527477
0.02117294953821714
-3.169920306005313e-15
7.480243092144207e-17
-5.283216529787807e-17
4.5912995142208455e-17
-1.1580940021302078e-16
3.1742352960624604e-16
8.798210781420873e-17
-5.752052448984545e-17
-6.108938784907416e-16
7.368018156029998e-17
2.993329722690606e-16
-1.5455655995818438e-16
2.516278722635287e-16
-2.0639540848092112e-16
5.375572479624264e-17
-1.3037626690952916e-31
1.6547629271060522e-31
-1.856513981610407e-31
1.611195938217395e-16
-3.442840776308532e-16
6.143773608706501e-32
6.344988527583677e-17
9.687946380061552e-17
-1.9700007842006475e-16
2.593831771805415e-16
-4.7540271580003516e-17
2.238736230912609e-16
-1.5343469656725252e-16
8.345383378540874e-17
-8.290328144882844e-33
-5.784904915938603e-17
2.9494978001642663e-16
-1.6673539381474659e-16
-6.813512161596219e-17
1.0120515517705801e-16
-0.0
0.6241583720698142
0.04479542090554704
0.2096479051339906
-0.06376916639278449
-1.6788160845902963e-16
-5.654028917548998e-16
3.1177344046176275e-32
-1.9007461080253301e-31
7.517036374613912e-17
1.4241679204352301e-16
-3.4058953066361234e-16
1.9641217580828912e-16
-1.0724298940345379e-16
-1.310731043450584e-47
2.0778433741594884e-31
7.825552192860775e-33
1.7498757166080339e-16
2.6581159932340056e-32
1.6393381493113287e-31
-7.763886800711547e-17
1.6443322528071808e-16
9.281601455670594e-17
-2.5273403572175865e-16
8.867170186902197e-17
-3.3296526306915217e-32
-4.7046971791052825e-31
2.617546309430531e-31
-9.2035114380935e-17
1.2618503067758857e-16
-1.208029002892977e-16
-1.5685620293095014e-16
9.709014574581888e-16
-2.0512301307018972e-16
9.727925309329602e-32
-2.3962814118721984e-16
-2.6025865355728374e-32
9.535621968249759e-17
1.1650765200431227e-16
-1.3938698770918448e-32
-1.1025751290193712e-16
1.3336518588785079e-16
1.5738282454505523e-16
0.4896401652772079
-0.3267657746674059
-0.3425545837414473
0.06998596254408808
-5.154285236008589e-16
-1.1911120464066624e-15
4.3097881463265555e-16
6.819774508194669e-17
-3.962597523192129e-31
5.96185943540691e-17
8.969926724043912e-31
6.917500686384171e-17
-1.0666275654629592e-16
1.461843878830827e-16
-6.606975308778597e-16
1.6584128293237554e-16
1.244920364470796e-16
-2.212097307295886e-15
-1.8775707693373913e-15
-2.1291246531907076e-16
-7.108905106775669e-31
-7.350078172598083e-17
3.081346814078912e-16
2.6049012959078446e-16
-7.448722793334167e-32
2.719495216331294e-16
-3.164968465707661e-16
3.562939428450864e-31
9.20196804987125e-17
1.2148552950069317e-16
-8.157309195968736e-16
-2.7104733754484987e-16
-1.1927803806490686e-15
-9.005146244285112e-17
5.1995856811209953e-17
6.812202997847761e-16
-1.492048880529869e-16
1.9349750145672638e-31
5.424324542258897e-17
8.81942706471788e-16
-8.772306486504277e-16
-1.2012466051689104e-16
8.21191453056442e-17
1.1062774253314758
-0.1632587708978199
-1.2449269358574584
1.3134525784268858
1.0497288766178807
-1.8428185751158466
0.9784200547476619
0.09555816139439227
0.846547294443432
-1.0065289826909058
1.355862644193935
-0.11595584357901584
1.625206055296561
0.6811422273108362
-0.6352756860856232
0.9489151836638111
-0.7015339863568465
-0.6534280096243753
0.14365738126718447
-1.0260512242934463
-0.17378763433885833
-0.9988186811015825
1.1398420594676362
-0.15414254663328647
-0.6897259964985357
1.164110830027152
0.12104451018279061
1.3539896905326354
0.46699998652556723
-1.6837636549596902
1.6404021787821774
0.8248331362339085
0.7588080085976208
-0.386273963945562
0.24232973070419558
-1.2685174905263787
-0.015188370943974546
-1.0975720780306033
-0.12579760295299547
-0.8045644759058153
-0.8810201846899801
0.8894923070084019
-0.5953034892474979
1.0555741461768011
0.19769910695489123
0.42964566396319076
0.003728032451066111
0.37780879958333635
0.7044048543147838
1.7462041627127918
0.8592779623926949
-0.4576701567443203
0.16242766176847734
-0.45848918512382913
0.5274399781104513
-0.8830893673117989
-0.14792989618275101
-0.8707845679798574
-0.2919106534983153
-0.010526563687533548
-0.7593471197696476
-0.7932946811574635
-1.122215168761316
0.2123954416409049
-0.28388909591020495
-0.19028991059998795
-0.004469825609147687
-0.5547395346808874
0.4944605241687386
-0.11980010365205042
0.3123942223028379
0.28894001012277715
-0.04259294744913583
0.10676218031303016
-0.5195838844372216
0.26900295405956176
-0.5022931977072597
-0.7947102578553835
0.4594366694475559
0.5193075516634603
0.09692185727427098
0.12464237163399111
-0.4555533605116604
0.38227057377002005
-0.13197403893155815
0.4754290161655909
0.6507912851460786
-2.568594438181846
-4.553841546539599
-4.8842698263950775
-1.6038750470594427
-0.6486722919622807
-0.1131338098213591
-2.3912104099964813
-2.0133843192267036
2.2594287825104367
3.6054189037805795
1.7714989569541406
-3.745472170560111
5.9297749011476375
1.1880942330318174
5.4761976232529
1.7522838819377775
-4.147478089100172
-0.026042502447727503
2.6093862522137345
3.395402835240549
-3.2729647454361395
5.973586656102388
-2.6478862485493826
1.416151809707292
1.3146457041473991
-1.3311572413590786
-0.3303248195312722
-1.5690528900248577
0.37660748747901174
0.3402437912378304
0.9122694584900267
1.1130106575420613
0.41757016236839356
-1.38101468882
-1.4618754657130262
-1.2148005671467388
0.9871458504904299
-1.1185723635781655
-0.5913394912503988
1.1875142945442232
0.20827499584685205
0.029452273695272542
-2.4868782135071728
0.43646669069226346
0.026635186622486578
0.8315958953598255
2.5896578183849153
1.6045450593203554
-1.1626796115413693
0.7272141617251002
-0.21716371722361913
0.3806786877766955
-0.7713851491034764
-0.5088379667980583
0.45815458164117584
-0.4658698570508056
0.36336781749927155
1.4512449032921961
0.5099934264794455
0.35684170832246587
0.3927029616771616
0.2413323830067326
0.32768921691464536
-0.13855836196018032
0.07939672874393115
0.05312380563357355
0.40699055592884004
-0.13826741105419615
-1.214457968808546
-0.2868593148923043
0.1986971366544112
-0.0654709419239125
-0.8530714937453057
-0.04233747634682156
0.07567969154823591
-0.0112784567006688
2.0396780769051817
-2.5255167913864716
-5.324838241754184
-0.9343436092965447
2.9384547509945844
0.2837374158964045
-3.2157523498876923
-1.7168661511166408
4.247452698710912
-4.542425603266362
2.24433933216504
0.2637069380652678
-2.890261190758555
-2.9478163311075978
0.4591867300244817
0.4962718546724579
-0.7250171945765577
2.3108781562225773
2.470560834753717
-2.339250047866315
0.9308654730173601
4.327302573354081
-0.8572509328989713
4.586941122948996
-2.4036726287614854
3.000930763330718
1.9142706732988732
1.5462918518429043
1.4854592082933704
2.7880492913015287
-0.8568733916544826
2.994807313419556
-1.0291588420495867
0.6158434956597466
-1.3492896888321415
0.001444742218343917
-0.5444407231891181
0.09960997560074557
-0.5907897680102666
-0.05721866771359692
-1.4649300702627603
0.3769345052308777
0.577353308160208
-1.8214580259933018
-0.018288676296795942
2.118307390617126
-0.708419363810505
-1.390967019213779
0.368129640857336
0.8585882055801495
-1.9824885818806786
-0.9679912214589215
-0.9944387374328302
-0.792456215417595
-0.09996835845748514
-0.8346279356273629
0.03156868923750329
-0.20769676588356326
-1.072132458059783
-0.012516528047422407
0.36631172027613573
0.32471397647588274
-0.027233819257700045
-0.19457576472024624
0.03587314934872297
0.6315377590243241
0.24822846008854788
0.3658003543566155
-0.28444842715618135
0.2538658592357731
0.07604920344095445
0.04734479492039351
-0.006117764130496564
-0.6730922449206195
0.17028079964079626
-0.14168240729579007
0.4248207452417828
0.04010802818207397
0.20412825548314
1.0002402427196937
-0.0065072201054024005
0.4449140424013689
-0.23053047997886697
6.49276170571581
9.270131819786084
6.138966514786509
-6.363816359800828
0.7072290912416581
-5.973439529570928
-2.051726460692321
-4.80107431709477
-2.3515176734157928
2.1688864800861216
-5.925189633836801
6.2218268470623395
8.974146444788886
0.8687348849362108
0.9765612184334796
-14.022642414175436
1.9233454519316981
-2.5538982831426424
-5.703198486594422
-9.39491419695744
-3.356210418302193
-1.0410005106579747
11.53212259599318
11.51924325233584
-11.531763244303596
17.36489051309892
-0.18194901666295313
0.8676176620158512
-7.478433052453277
3.0176375932855057
-0.3662816055982661
-0.8728908379298557
-0.8254843357084919
0.14180350763945854
1.5422848638937556
-1.5532000466313742
-1.0466533727119194
-0.9802499595433405
-0.1965585685975002
1.340378403131629
0.7080743476945307
0.7475574819395876
0.3207463491210731
1.836968446017005
2.9994346485625885
-1.1377145697587214
0.19945404195780037
1.8803555369998737
-0.07088437698888438
-1.7449630751189686
-1.9657255350909242
-2.9924217358091902
-0.9895444465655476
2.383361090119393
0.16729219633953632
0.29387079546907674
-0.21190996597789596
1.542914749216098
-0.7717658537570955
0.1722791889346269
-1.2698299491214922
-1.3292035742290098
-2.7968292828765806
0.11067693071432014
-0.7034320414030024
2.1224878766919772
0.5898875897682968
-1.775226857421965
0.6088922350544647
-1.105997826886672
-0.9414106868171859
0.911073418978856
-2.7840410868776413
0.5831968068963622
0.12759523082394833
0.9664548527580064
-1.2761533515570147
2.2090338601493924
0.0010970284766823267
0.3428771158574964
0.5272094115600461
1.9942917186918818
0.151346672282475
1.911386714188965
1.750133450231103
-0.6409613140744509
-1.0966672771166335
1.7758793309773706
0.23570252818966558
-1.507502628395506
-0.8761078487375539
-0.8501572408043993
2.2672230998647853
1.4093431533230343
0.0009709388100457864
-0.8239206424127636
0.6176921648308348
0.03788152565087636
-1.30751930619478
0.9483078600017751
-1.039891137715132
1.0833684770816405
1.3329874276551004
-0.5836366528864582
-1.8643694808787044
0.814198164943657
-0.45815597164389943
2.0499416365856344
0.4684227525682014
-0.911816843623362
0.682477403308556
-1.4690681310393057
1.1602268293921076
1.0935925475870503
-0.5624839013137151
1.3322832795805903
-2.0562274527310156
-0.12839331666375653
0.18658276804274274
-2.378158185172132
0.550996512031659
-0.034220373677926394
-0.8081786121950616
-1.5581236057360237
2.767757047250714
-0.1231596890896481
4.560978435067533
-1.5925290441143425
-3.0096844138825203
0.6417690563040315
-3.0216451147358026
-1.670331652655702
1.1284766281037688
-0.771540629618473
-1.2439521830845273
0.7304514145441433
3.949153318014895
-1.2297327239350824
0.8490813774939413
0.5396591252291639
0.9077683508430414
1.2695315959280367
1.491392209968998
2.4722296803528585
-0.1428219296327505
0.1964537577806362
-4.100731979823771
-0.5250984336193103
2.091312511483601
-1.4285307824469928
-3.2390106767768905
-2.3975807373039824
-0.7966225721225862
-0.8605635919086143
-1.733536482310555
0.785401543039216
1.364673059569995
0.2969154507862495
3.0649861092887285
2.9203932741344087
-3.1188323069565578
-3.3259058105289143
-1.6810356116889433
0.681377991363409
-3.108213085830454
3.9611570439346746
-5.181053368645285
0.25106736616983366
1.1270989687669277
0.508222396742996
1.0512583689896864
2.6671145163325094
1.0455087493760356
1.07712571116158
-1.478957726676747
1.8111568350177145
4.582519661352006
0.08925244211362222
-1.2154347681807212
0.5767264225077053
2.0097293847049182
1.1171070531712013
0.32027654359264424
-1.95249052251745
1.1726761243254846
-1.2019691218755777
1.9674686765450946
-3.7965195585909153
6.471634394066827
-2.442093111553337
3.2172957020327444
0.23139300502351964
-0.6579767183826649
-1.2704311965310002
-2.222967170765757
1.3721417806889051
-0.08878525078498035
0.34003738399645245
0.4012814205707942
1.5452216436065431
0.8727523244622657
2.9191042248125805
0.9339945269831201
0.5115762988414362
2.8565289306661854
2.946287439373827
1.1612492440736621
0.5442955194316619
-4.497734425163627
-0.8652478980609607
-1.609244993762785
-1.6997666801700133
-5.053752387490772
0.7404278446921394
-1.610841608295743
1.730469288629292
-0.23234689215110924
-1.8575534913566232
-0.934257611209896
-4.582680859363327
0.3163295157758668
-2.087017157024409
1.5915978350783198
1.696341397633461
1.0857971222880725
0.3727198844167608
1.002820512483142
0.07614710101078026
2.4801924756770366
-1.2084366000807476
-0.9743721740244207
0.7146316297248848
0.15113089424916046
2.5685947145362253
0.3610982599457472
-0.49460292011326445
1.2153351662289815
-0.3113069115529127
0.35612121614234804
-0.11472105870727953
-1.2339387381185496
-2.1469991073247163
-1.6532192326658162
-0.778353960787457
0.7421451996948722
-0.29578024066558867
-0.7662370668769427
0.5087498756950003
1.0534201060966053
-1.8695820316803433
-0.04215929728803534
0.32921979278574676
0.29915863943925874
-1.5091174218139902
0.21407915590736942
1.7195382239957615
-0.8122256484305774
0.8047243222969288
1.6593184750199323
-0.4710310471902998
-0.5044808387729681
1.18217616417781
-2.0092129144746242
-0.14639956132032345
-1.5332380522280558
0.42953866733778506
2.0756108123830375
1.1750263904298763
-1.7671360301935766
0.828117414107498
-0.7275362867761241
-0.13470638339215582
-2.0128254142120428
0.3316935561244947
0.9913420923444485
1.0236446007513165
-0.676517779703142
0.6428660349676075
1.133643909659871
0.6691595448718713
-0.5008276485264178
-1.9453247174894812
0.13969928027473133
2.4892197633721507
0.9942125782467758
1.879777511967732
-0.44019086156607334
0.6307741992726283
-1.008536182845361
0.34196259503892257
1.1937414630740137
-0.11007327904025183
0.8026562083312998
-1.4600679734973114
-1.0363692449321245
1.3885762562640696
0.8961259309038705
-0.8272889774336515
0.6299423582023446
-2.222723774195039
0.6073352308064536
2.2876755936399316
-0.3277079929619386
-1.879018181464356
0.36168653767201
-2.1224957444643997
0.05235358169302807
-2.876528032817875
2.2199960948244883
-1.4952107593351756
3.4902518862540535
-0.3158324122858344
1.5595053296542325
-2.344579059297092
1.3968942312439858
1.7645788549039298
-3.843934286476227
1.8779322371204732
2.225763914002512
-2.235663028827876
1.1406309626928537
2.692579177355021
-2.0156546796491277
0.05181066312114183
3.367002635727337
-2.3559786121561377
-1.4878140352566063
-2.675599747094159
4.081946600505787
-1.9049124625791791
3.791581217989859
1.2008905780852095
-4.027409738983368
0.2770976681631619
-4.568495399409075
-0.5936893597355514
0.1134974609154651
0.48347875933733014
2.84961856331076
1.8656017575807853
-1.3764979592011146
1.4243484614439168
-0.5891966863742379
-2.9305324390064142
0.4644755205819284
2.3742886954719573
-0.9107517952738882
-1.114539332264649
-0.09315156085974122
1.2706018029013388
3.4748840069018114
0.4126852321382452
-1.8368904607024494
0.033041122341668665
0.6441443488755683
1.9301008985169206
-1.0502762417088023
0.808611154372835
-1.651329636150434
0.3535583516335085
0.27986392410348065
-0.02224362063481793
0.4492132828515477
1.4741241139171168
0.9682968399204342
1.7531195329948752
-1.2946059662674592
0.7138830594836619
0.34597952884266225
0.05082055290897943
0.578275362403326
-1.01247485442744
-1.839146419236152
-1.2038453376673677
-1.211088897662288
0.7122600814461354
0.31160797522247397
0.9945216490010654
-2.0921279431196047
-1.5557205977261488
1.8852763143444327
-1.0780401515359825
-0.09784229526445355
-0.1918358970271127
-2.8017539210084594
0.8720823247643161
1.4568973781038879
0.08216270494075816
2.156052308620822
2.1491230875328666
-1.508511064372464
-0.9966777693902217
0.34632658210322803
-2.034433067313951
0.9007474365828058
1.0283294990958471
-0.4768335075609763
-2.012861971796705
-1.5280414697138018
1.2513718488656456
0.40924112445262184
1.0346420122215767
-0.04516784143449526
-3.0156785852723935
0.1672022868162578
0.7681382214106977
-0.7723849160068976
0.39705717470445695
-0.36582218120312376
-0.33631114537928797
1.484924179583051
-0.11119826662613438
0.7767468691783419
-0.23551448577863834
0.3126408783018063
0.20830702755199232
-1.2208722203328541
1.080495528019688
1.3544620829067553
-0.6492553756433107
-0.5430870688914331
0.12121389381692659
-0.768000458520815
-0.921691505021953
-0.8672257299134828
0.7892147806267263
-1.0215655012046994
0.35399743302136966
-0.029651560789749554
0.5134654428523275
0.3532777131010971
0.687382200066581
0.3905697590707999
0.18144119352424776
0.7114182625087312
0.5138541383393697
-1.427887653462303
-0.9469210736065434
-0.6988880566654974
0.8300231667015411
-1.4958309996232033
-0.33433921711605935
-0.1766239156029107
-0.39317894901890493
-0.9280073058124529
0.40787985021828865
1.4150097236418202
1.513965676683085
0.3618579649310579
-0.2640069547095265
1.2173386807777578
0.337701238373268
0.7062282367721588
-1.7677105646089462
-0.8081320781146795
0.9946802635741373
0.16447852588044506
-1.36220670563656
0.06434697033071062
1.394100489336764
-0.5005357276159017
0.09719392239657676
-0.156624813455383
1.1979610953676831
0.050396203281804476
0.9384591293245206
0.9255587633269576
-2.009858083568268
-19.692437360062538
-13.77803390763288
-6.712857113143774
-7.448776821734092
23.36122539658318
-22.771635356730613
17.506386086605676
-19.261730832984323
29.764460588716425
-13.541827948347919
-14.327797540139914
-4.8061910851091065
-9.567801239768995
-39.008456817899166
16.240227112951
9.530140811322298
11.407777634441404
15.475753876118226
31.733183641823622
-4.525189935929069
-3.691560890788762
-19.308417048369318
2.6573802329213896
-13.921439670984087
14.522219331871506
21.180803834560393
23.529781252341273
-11.519240000414934
4.924995786456142
14.227522498737498
-1.938069501783726
1.2539113023439257
5.389115267079141
2.0570969774205636
-17.47984969077102
-1.3519975041101742
3.99415158669521
-10.72115660176557
4.679856224055285
-19.716769508615744
17.4615413901737
-7.017087474596724
16.568642999907063
-0.14088558803839654
0.057794793782064695
1.1876891331829345
-0.28205063265310104
0.4617390937901968
0.2140902124301746
0.16700543259780673
1.045642401561758
0.9034205956183265
0.38796857874455337
-0.1433406879569062
-0.27244189527770024
0.3600996905120862
0.4635025215166589
0.40288605603961436
0.2886474015313577
-0.5617357070168626
-0.47089376811331296
0.07838301221141265
-1.449882232818475
-0.6615324823978503
0.04767693799238041
0.28904985912856074
-0.24648392202916536
-0.24492088167463252
0.4315451002001279
0.5654080052228921
-1.1235323509265633
-0.8888901693992091
-0.36872500801427355
-0.6448804569401595
0.46976077480394224
-0.4288932652190942
-0.4935655254585402
-0.4436069287860156
-0.5081914899984475
-0.5093669276543292
1.5173615437034653
0.5928646165418884
0.6689131051299056
0.49824407163313156
0.6815694217038147
-0.3334774519798541
-0.49268948372948906
24.268524692273648
-12.145454533255794
17.262326664960092
15.376090477092992
-15.081831348325457
22.839382535410056
12.117991633282323
-19.231809391749287
-4.147829895955073
20.02172996187673
10.589351049085236
7.896700553006681
16.119464168326505
6.552395664988924
8.40498777969923
-40.79815655809578
55.485703718415586
-1.9240913987972383
-43.74346586736655
-34.807453516933364
-32.394509851945514
-16.079290120999527
-26.329234319337044
-17.67704014674431
-16.357396542085098
-28.317457906754953
-2.0183792189422554
3.0878889434426715
-40.64283391664807
22.428364559652497
46.25023596721109
2.459185418243926
27.37981123194582
-23.835414371232712
-3.910228623900452
-22.064896500789004
15.965502314335652
5.873155663430826
5.310619945514698
38.764298258365784
-13.25010691472461
15.866786416252344
5.5453722244674335
-8.824160339861278
21.254126040227067
-0.08737481320465217
-0.9986920257731469
1.5673919684976694
-0.6539297772348546
0.18379598230130034
-1.5179806186591558
-1.278521597408944
-2.195807006698096
2.3045516779652138
0.7802706303262864
-0.9599656967602928
1.5817634278927015
2.835753446155336
1.753206097058112
-4.192413246556779
1.3257124132227998
-0.8427943382555265
3.6037812090502603
-1.8985707798368954
-1.5997775186912435
1.274956280992385
-2.911232016720914
-3.902735895440245
0.4224874507336563
6.096113007172318
2.819929932524014
-1.468626086550129
-3.8235512556431726
0.09481730676975449
1.1304761468565863
-4.049590607790396
2.013874292165345
0.05092602907565759
0.6416756540167414
1.3125294510127334
-0.5807913288497664
1.141140618532059
1.3642022689805149
1.1016574047106287
-2.371004339410498
1.4664381938795323
-0.9855463979320742
0.2772673929425299
0.8513859562638249
0.22345812993576253
-2.637581411704587
0.4409785902124288
-0.5891645390623068
-0.15006643572174388
-0.9673492502730948
0.5104541675272508
0.5727806600106408
-0.4804662863012385
0.8790434032164256
0.310115550747704
-0.2653079242625458
0.12386314474720511
0.33896034773906286
0.19033069920139004
-0.8162162348050723
0.26236903307502935
-0.7432754228080509
-0.26010751658252795
0.9394787288051298
-0.46063902297814907
1.4505840750534211
0.3604223948203569
-0.48271956101869423
0.18180425094128863
0.47587127995181117
0.08057174750866782
-0.5430410389335795
0.5736625894078483
-0.08816304548453681
0.1288443235795407
0.20958233873079885
0.5519263146180936
0.2755611457233955
0.8331788600250373
-1.3697978136906608
0.6492349145060453
1.1206843139687825
0.18809345956933746
0.8280353578911678
-0.12466649694961149
-0.23828634604929003
-1.634643846733503
-1.4264344576523513
-0.0763079550641297
-0.4422338126416315
0.302951069581284
0.27350759864644286
-0.5561962295579419
0.5729929162589593
0.8485016324007758
0.37526961667714087
-0.4274724901648833
2.639561031942169
1.4968687062233346
-2.359523622841141
-0.22803412324251127
1.3131592153763576
-2.3478582874695046
2.288258403087147
0.1482628380432962
-1.573065444340247
1.3433403365359156
1.7752640627430751
-3.3682651997303337
0.01556459303480938
0.9168415181604895
-1.7178939649415335
-1.0862316895246662
-0.6306231563231119
0.04328562419624156
-0.26682158103481524
1.1544288219494923
0.9352073975094364
-3.1508207455385877
-1.3205828140259892
-0.12203172791551092
2.329137001576774
-0.7576830662903449
0.1862739195018509
-0.49133478365550703
-1.7144056690250171
2.088639032229821
-1.2629069549797558
-2.729385202915349
1.5571403228639564
-0.0699621802873244
-1.2576009862393147
2.0147743609527096
1.9118909484555455
1.0547556884952667
0.03337062244553873
1.3468342591843523
2.740723626288351
-0.5731849463739953
-1.3571531861646398
-0.6391185121439253
1.8359084729797988
0.15318462939323932
0.9847450345656825
0.893827686030054
-0.008186611617056092
0.6300148113017503
-0.3957390747180676
-0.4877439272249344
0.2834451473133542
-0.7492206100642679
-0.5950505792813721
-0.9257247058265038
-1.7211308252108908
-0.3839246059448664
-0.19277921394843076
0.767140438185121
0.5280953776001339
1.5611132897897788
1.097354724190303
-0.2365144580473719
-0.6704052370134242
-0.15840184814141584
0.5715058203197403
1.284208409517387
0.8176549698478195
-0.893096355366007
0.17427807322198144
0.010649034351022137
-1.1622383278258555
0.6922039815081459
-0.8703471078553418
-0.06960033088302837
0.6069743405951094
-0.013564563047620317
-0.9283708129740044
-1.125616000395263
0.3376334384383207
0.8700371473016476
-0.23270096613068786
-0.12158372041471513
0.14773548426736918
1.7688123571626975
0.7362262302174498
0.13114397248656884
-0.937683953382726
-1.434412656560916
-1.8868663493903652
0.9867193851180324
-0.837961687927794
