3
0.7147597147109407 0.48695502454492523 0.5125252999619646 0.8890870281945233 0.7385418769622784 0.11289183090997845 0.4308563969407275 0.2814064906492054 0.6337478857054303
1.0 0.5 0.3333333333333333 0.5 0.3333333333333333 0.25 0.3333333333333333 0.25 0.2
1.0 0.5 0.3333333333333333
4
0.13963441244718033 0.028108051244743804 0.28684257544027836 0.8009348313041311 0.13173467619743573 0.6841616732311269 0.7231231447624576 0.07008707321099328 0.7558016923174102 0.17277371974605515 0.30156177935946915 0.7596515539445184 0.19971558544643464 0.1320029236789778 0.8492849220428319 0.7603653115564399
1.0 0.5 0.3333333333333333 0.25 0.5 0.3333333333333333 0.25 0.2 0.3333333333333333 0.25 0.2 0.16666666666666666 0.25 0.2 0.16666666666666666 0.14285714285714285
1.0 0.5 0.3333333333333333 0.25
5
0.6875150447106673 0.5867822950242261 0.20298047417517073 0.9724718654745059 0.6060485979971025 0.5964790991049796 0.5497564547344004 0.9560641878315861 0.7443261096582785 0.3892267456469721 0.34409702569354317 0.4715331594633826 0.9164994686520659 0.1678326951152861 0.030102577839203115 0.7073457701388756 0.8107173426345154 0.09867510823987768 0.06098908130372516 0.3019000098489375 0.3245766430437731 0.1830803553232746 0.1955461743775817 0.7187263659984726 0.2220129949509656
1.0 0.5 0.3333333333333333 0.25 0.2 0.5 0.3333333333333333 0.25 0.2 0.16666666666666666 0.3333333333333333 0.25 0.2 0.16666666666666666 0.14285714285714285 0.25 0.2 0.16666666666666666 0.14285714285714285 0.125 0.2 0.16666666666666666 0.14285714285714285 0.125 0.1111111111111111
1.0 0.5 0.3333333333333333 0.25 0.2
6
0.2040546299007926 0.279466771813883 0.11295890655121321 0.05516907340584487 0.09813790613477202 0.5834633064762264 0.8586979147373136 0.5582996356572932 0.1254023112814907 0.9368616298436873 0.9938244985253736 0.07769408603270189 0.0928545087009186 0.17696152771057216 0.4951638718393 0.8018447244464305 0.11336317754022363 0.5331377561837752 0.8972313176560618 0.5136870184108369 0.9504558205115752 0.1068598544809426 0.2587781011025637 0.6929005431622745 0.5210889715559331 0.09816252828874372 0.7110558920455757 0.6042735724163909 0.13244009713522986 0.9535153180178226 0.27023852753108846 0.8851202900160275 0.599308319973558 0.07350048932532693 0.9332897427672984 0.5749399889352352
1.0 0.5 0.3333333333333333 0.25 0.2 0.16666666666666666 0.5 0.3333333333333333 0.25 0.2 0.16666666666666666 0.14285714285714285 0.3333333333333333 0.25 0.2 0.16666666666666666 0.14285714285714285 0.125 0.25 0.2 0.16666666666666666 0.14285714285714285 0.125 0.1111111111111111 0.2 0.16666666666666666 0.14285714285714285 0.125 0.1111111111111111 0.1 0.16666666666666666 0.14285714285714285 0.125 0.1111111111111111 0.1 0.09090909090909091
1.0 0.5 0.3333333333333333 0.25 0.2 0.16666666666666666
7
0.43879384939683486 0.929440756689103 0.5374231231946951 0.8762082840730973 0.5213258412056656 0.7290770726011059 0.7955366748369583 0.39410199213540476 0.5849988267418299 0.23730731323047827 0.14912088423086234 0.729157770811355 0.29035897142688893 0.8560765396131519 0.3313463895524372 0.04799315750966415 0.048637143195100374 0.1930261816443587 0.6354565988727787 0.2761454212771569 0.26730954055889233 0.022028636654093825 0.8838913729918885 0.34255599203248444 0.34795857963049026 0.4511086083257383 0.3834752046021539 0.9864376278515463 0.3581141585458274 0.5315763388145495 0.2462452739911346 0.04216400200891668 0.48854790568032525 0.39531063601986227 0.5213970930718572 0.41545358083907846 0.6230476358233182 0.5567550198869392 0.8500570729216788 0.9603447945657246 0.03759302860545566 0.31715037170856863 0.13192871448167331 0.3097008751435286 0.6004355527565394 0.05161278721810858 0.05469799705855094 0.4065247992934642 0.09542157772190163
1.0 0.5 0.3333333333333333 0.25 0.2 0.16666666666666666 0.14285714285714285 0.5 0.3333333333333333 0.25 0.2 0.16666666666666666 0.14285714285714285 0.125 0.3333333333333333 0.25 0.2 0.16666666666666666 0.14285714285714285 0.125 0.1111111111111111 0.25 0.2 0.16666666666666666 0.14285714285714285 0.125 0.1111111111111111 0.1 0.2 0.16666666666666666 0.14285714285714285 0.125 0.1111111111111111 0.1 0.09090909090909091 0.16666666666666666 0.14285714285714285 0.125 0.1111111111111111 0.1 0.09090909090909091 0.08333333333333333 0.14285714285714285 0.125 0.1111111111111111 0.1 0.09090909090909091 0.08333333333333333 0.07692307692307693
1.0 0.5 0.3333333333333333 0.25 0.2 0.16666666666666666 0.14285714285714285
8
0.5245246906200955 0.026457397446148723 0.04554594921127153 0.4086795610896947 0.04876965513839404 0.838529488423734 0.6324292974027421 0.8397306515337497 0.9142381778332314 0.2723586233087636 0.770543454314174 0.9509242487191714 0.5273529410145005 0.6154800164866459 0.8658883050071388 0.39948605219369393 0.7952646252041904 0.38541148221028165 0.5097677121555003 0.9524004960913794 0.21288264633853493 0.9207244193345074 0.5759290067301653 0.17145133955152048 0.7914047436555385 0.27880347055001364 0.30737211160625644 0.8585864547252772 0.2048671222659697 0.7639033329566458 0.30275774422714874 0.4534621197428108 0.2860522822100585 0.8642578524434098 0.9869468197049274 0.8422821037985085 0.42060257192530903 0.07836318764829009 0.9037321782035147 0.18268560209156948 0.9196013159056241 0.17365800775111828 0.5869807623493994 0.979788182042875 0.5027560699145015 0.7855804398968791 0.6932020869498742 0.18814933375705978 0.15202450828239966 0.6914648855620377 0.7663017810522602 0.6427394329868182 0.630361336263916 0.9984032087599171 0.40340823501289813 0.08482071817689152 0.5030384503267376 0.2565993334925446 0.9030513438783283 0.5030878588112442 0.8172546779726596 0.8580203546830155 0.6775777169926238 0.8370052961607508
1.0 0.5 0.3333333333333333 0.25 0.2 0.16666666666666666 0.14285714285714285 0.125 0.5 0.3333333333333333 0.25 0.2 0.16666666666666666 0.14285714285714285 0.125 0.1111111111111111 0.3333333333333333 0.25 0.2 0.16666666666666666 0.14285714285714285 0.125 0.1111111111111111 0.1 0.25 0.2 0.16666666666666666 0.14285714285714285 0.125 0.1111111111111111 0.1 0.09090909090909091 0.2 0.16666666666666666 0.14285714285714285 0.125 0.1111111111111111 0.1 0.09090909090909091 0.08333333333333333 0.16666666666666666 0.14285714285714285 0.125 0.1111111111111111 0.1 0.09090909090909091 0.08333333333333333 0.07692307692307693 0.14285714285714285 0.125 0.1111111111111111 0.1 0.09090909090909091 0.08333333333333333 0.07692307692307693 0.07142857142857142 0.125 0.1111111111111111 0.1 0.09090909090909091 0.08333333333333333 0.07692307692307693 0.07142857142857142 0.06666666666666667
1.0 0.5 0.3333333333333333 0.25 0.2 0.16666666666666666 0.14285714285714285 0.125
9
0.009712325305883174 0.2299710484767029 0.8758730441619876 0.8015589672364515 0.11298145424979988 0.22918446093724698 0.39912958720754543 0.026677913910723605 0.09118138582443902 0.42341654792185823 0.520674245041361 0.6377720188723631 0.7821514284256428 0.5444149913979728 0.035266283193148396 0.5124712543199115 0.9548964347472729 0.22249066490584946 0.7585971445672408 0.46433345801786785 0.9846798229032675 0.20585666362203348 0.5600983356772531 0.7563354061462224 0.7056916161121423 0.6576785622058474 0.7242785954487474 0.09838857002112056 0.4203652281360257 0.6879762680513057 0.9444858945329155 0.41648450260042225 0.43036371235584714 0.26148630176665044 0.7434769883366799 0.061181420735734515 0.03301340074757542 0.30474374268354787 0.7904694573696495 0.11313008493467214 0.21807820875742934 0.2640371683155599 0.19772073214083397 0.33365578745201363 0.5842580422515591 0.4410040532713856 0.8115245755019495 0.9954343595862011 0.12589386185968876 0.44392554534491036 0.8747567339948132 0.7162363677016568 0.11316145132766764 0.3264163365636259 0.3885050689640456 0.17443044879713632 0.6071666044211343 0.6416505382956474 0.4025259657568132 0.8771611080975602 0.5912518093359999 0.38055004487640587 0.8872517892826798 0.08628841975437074 0.5442150639125958 0.10984721003315534 0.6795282667837413 0.8409126950608218 0.844368098319685 0.9837833790098921 0.9719911680634621 0.7015959505681305 0.9170919178189835 0.6304932894385593 0.9995876984073621 0.11128321650285178 0.6393672411522583 0.754997099074146 0.5675271253343176 0.08127550439617781 0.4742230920575258
1.0 0.5 0.3333333333333333 0.25 0.2 0.16666666666666666 0.14285714285714285 0.125 0.1111111111111111 0.5 0.3333333333333333 0.25 0.2 0.16666666666666666 0.14285714285714285 0.125 0.1111111111111111 0.1 0.3333333333333333 0.25 0.2 0.16666666666666666 0.14285714285714285 0.125 0.1111111111111111 0.1 0.09090909090909091 0.25 0.2 0.16666666666666666 0.14285714285714285 0.125 0.1111111111111111 0.1 0.09090909090909091 0.08333333333333333 0.2 0.16666666666666666 0.14285714285714285 0.125 0.1111111111111111 0.1 0.09090909090909091 0.08333333333333333 0.07692307692307693 0.16666666666666666 0.14285714285714285 0.125 0.1111111111111111 0.1 0.09090909090909091 0.08333333333333333 0.07692307692307693 0.07142857142857142 0.14285714285714285 0.125 0.1111111111111111 0.1 0.09090909090909091 0.08333333333333333 0.07692307692307693 0.07142857142857142 0.06666666666666667 0.125 0.1111111111111111 0.1 0.09090909090909091 0.08333333333333333 0.07692307692307693 0.07142857142857142 0.06666666666666667 0.0625 0.1111111111111111 0.1 0.09090909090909091 0.08333333333333333 0.07692307692307693 0.07142857142857142 0.06666666666666667 0.0625 0.058823529411764705
1.0 0.5 0.3333333333333333 0.25 0.2 0.16666666666666666 0.14285714285714285 0.125 0.1111111111111111
10
0.8109795748134705 0.70587000519683 0.8063683957625419 0.19812721287447999 0.1632025402707482 0.9045474712414452 0.22684573371226724 0.8212516530743664 0.7258601348202927 0.8975603200688852 0.8594000761569612 0.2238039192353598 0.8574962991702411 0.07998631804438028 0.9359520838614668 0.499928456358247 0.435224542049522 0.16283809291454632 0.46268500575706484 0.8402520909638297 0.6517145742260176 0.24255637812363762 0.6015143357424695 0.8737323285476454 0.8748143898382744 0.643142340785945 0.8480623788254046 0.13514017851802207 0.20947514963977254 0.728862568457918 0.7600691962204528 0.8298740633014399 0.89057084535595 0.6591512864032876 0.9674243971701161 0.7156407381532612 0.638469024985713 0.09135539893377553 0.5739199012196453 0.6607196794160237 0.8779874702740182 0.4147809399375988 0.4089871609240825 0.7420208814498429 0.16632837036583115 0.3180282364439654 0.958563866169746 0.09918931795582409 0.6248135945967327 0.19134079481029642 0.3270618859250246 0.9199512179729042 0.4057969948479381 0.43159605276392277 0.010283451156997248 0.2776853381773815 0.04849122231268821 0.1875208629839703 0.5142551596639104 0.9591238236911205 0.7900157080212648 0.4002288766360973 0.02569874746498335 0.8200505411609527 0.7627844753983014 0.040904733892444645 0.19388743820243393 0.10105556206521737 0.2821482088594539 0.9730567164690817 0.04246519351322475 0.28138536612382503 0.07814651801224815 0.023277791042883855 0.6418363721824601 0.9707630010847595 0.47032526601074576 0.9109059229516999 0.7604805935380407 0.28869013172217284 0.5976425147446965 0.13344210775862775 0.10024010245697246 0.026406852402262704 0.21532504425686017 0.18649028271770463 0.4646918228748511 0.12438732127784236 0.5891574369868531 0.7434087930937271 0.603920520472015 0.4734626045802447 0.002574070313342558 0.20466858781191777 0.776651596063228 0.5891667785131632 0.862897781209981 0.273032514828794 0.3657987453280953 0.7919979714860858
1.0 0.5 0.3333333333333333 0.25 0.2 0.16666666666666666 0.14285714285714285 0.125 0.1111111111111111 0.1 0.5 0.3333333333333333 0.25 0.2 0.16666666666666666 0.14285714285714285 0.125 0.1111111111111111 0.1 0.09090909090909091 0.3333333333333333 0.25 0.2 0.16666666666666666 0.14285714285714285 0.125 0.1111111111111111 0.1 0.09090909090909091 0.08333333333333333 0.25 0.2 0.16666666666666666 0.14285714285714285 0.125 0.1111111111111111 0.1 0.09090909090909091 0.08333333333333333 0.07692307692307693 0.2 0.16666666666666666 0.14285714285714285 0.125 0.1111111111111111 0.1 0.09090909090909091 0.08333333333333333 0.07692307692307693 0.07142857142857142 0.16666666666666666 0.14285714285714285 0.125 0.1111111111111111 0.1 0.09090909090909091 0.08333333333333333 0.07692307692307693 0.07142857142857142 0.06666666666666667 0.14285714285714285 0.125 0.1111111111111111 0.1 0.09090909090909091 0.08333333333333333 0.07692307692307693 0.07142857142857142 0.06666666666666667 0.0625 0.125 0.1111111111111111 0.1 0.09090909090909091 0.08333333333333333 0.07692307692307693 0.07142857142857142 0.06666666666666667 0.0625 0.058823529411764705 0.1111111111111111 0.1 0.09090909090909091 0.08333333333333333 0.07692307692307693 0.07142857142857142 0.06666666666666667 0.0625 0.058823529411764705 0.05555555555555555 0.1 0.09090909090909091 0.08333333333333333 0.07692307692307693 0.07142857142857142 0.06666666666666667 0.0625 0.058823529411764705 0.05555555555555555 0.05263157894736842
1.0 0.5 0.3333333333333333 0.25 0.2 0.16666666666666666 0.14285714285714285 0.125 0.1111111111111111 0.1
11
0.3228710998444426 0.08356240385552138 0.09320633931834577 0.23960392910695638 0.4957433079789766 0.3944056540204324 0.4447941010467231 0.524311926964795 0.09562216274973856 0.1365169264674876 0.2959932784784576 0.866499448464918 0.10311498917468442 0.21649486644625837 0.16804413109396865 0.07621068785995289 0.0640238239524672 0.5446652212123597 0.1484862710546213 0.95633657695551 0.665078596482011 0.38299570471719935 0.4533179378893091 0.12462581824925234 0.6633600687769521 0.06790822928293372 0.03557016429204174 0.0644288714478578 0.9560683068151898 0.43503324019778267 0.8590992233518422 0.8308516193630834 0.7114849288510952 0.2080747961633027 0.417211231235048 0.41930955266857795 0.6357956533206689 0.11129500276119786 0.8496472700495968 0.27444804366558595 0.5667251220255473 0.32623198687010224 0.5953254754615649 0.9000449683868676 0.6224273265392335 0.7061044877939269 0.011209384260378652 0.3791707834908661 0.625145197619776 0.603994110181551 0.1563135328150519 0.48755588135610395 0.26328701530774257 0.8175662073193491 0.5262380916829644 0.6375533529382358 0.6066745244944151 0.9132699962294287 0.2850700756051625 0.47097685238870834 0.2403264260012512 0.39343978729181284 0.8871815809835385 0.575185865271635 0.8765246413629265 0.2082412409323966 0.327408812187149 0.8848084146160539 0.7234308035195293 0.1553543882567766 0.5741975532414533 0.14561091879995958 0.6768763359508929 0.0660407441258285 0.8285365447555341 0.8615579006893788 0.5353958713327758 0.38486633952628235 0.17281773997567396 0.8321701684610385 0.8950779932578579 0.16434466329369268 0.8713048406744356 0.2128110308656176 0.7579083108984914 0.64979957239008 0.7853066411035053 0.9994183758465875 0.11854144117303067 0.7492334393545513 0.40324015594957974 0.28316522920049503 0.06745641360248966 0.7233659564642894 0.2851121144595442 0.04682525076204058 0.8905247018043166 0.4611462857927119 0.19365128006054633 0.10936499590854698 0.3967422335306032 0.14558240379948806 0.8449167422185254 0.27885907961892586 0.6378219543909893 0.8257713121223246 0.7815858615695439 0.463065947275655 0.6135873468456701 0.9636155233473322 0.3381041556368142 0.9912854973019966 0.34726971663463224 0.49210045257172697 0.3316534214946073 0.0630748399121348 0.5151336097927639 0.28651350554759725 0.1735211793547824 0.08237440779624416 0.6843461643768118
1.0 0.5 0.3333333333333333 0.25 0.2 0.16666666666666666 0.14285714285714285 0.125 0.1111111111111111 0.1 0.09090909090909091 0.5 0.3333333333333333 0.25 0.2 0.16666666666666666 0.14285714285714285 0.125 0.1111111111111111 0.1 0.09090909090909091 0.08333333333333333 0.3333333333333333 0.25 0.2 0.16666666666666666 0.14285714285714285 0.125 0.1111111111111111 0.1 0.09090909090909091 0.08333333333333333 0.07692307692307693 0.25 0.2 0.16666666666666666 0.14285714285714285 0.125 0.1111111111111111 0.1 0.09090909090909091 0.08333333333333333 0.07692307692307693 0.07142857142857142 0.2 0.16666666666666666 0.14285714285714285 0.125 0.1111111111111111 0.1 0.09090909090909091 0.08333333333333333 0.07692307692307693 0.07142857142857142 0.06666666666666667 0.16666666666666666 0.14285714285714285 0.125 0.1111111111111111 0.1 0.09090909090909091 0.08333333333333333 0.07692307692307693 0.07142857142857142 0.06666666666666667 0.0625 0.14285714285714285 0.125 0.1111111111111111 0.1 0.09090909090909091 0.08333333333333333 0.07692307692307693 0.07142857142857142 0.06666666666666667 0.0625 0.058823529411764705 0.125 0.1111111111111111 0.1 0.09090909090909091 0.08333333333333333 0.07692307692307693 0.07142857142857142 0.06666666666666667 0.0625 0.058823529411764705 0.05555555555555555 0.1111111111111111 0.1 0.09090909090909091 0.08333333333333333 0.07692307692307693 0.07142857142857142 0.06666666666666667 0.0625 0.058823529411764705 0.05555555555555555 0.05263157894736842 0.1 0.09090909090909091 0.08333333333333333 0.07692307692307693 0.07142857142857142 0.06666666666666667 0.0625 0.058823529411764705 0.05555555555555555 0.05263157894736842 0.05 0.09090909090909091 0.08333333333333333 0.07692307692307693 0.07142857142857142 0.06666666666666667 0.0625 0.058823529411764705 0.05555555555555555 0.05263157894736842 0.05 0.047619047619047616
1.0 0.5 0.3333333333333333 0.25 0.2 0.16666666666666666 0.14285714285714285 0.125 0.1111111111111111 0.1 0.09090909090909091
12
0.6921408587575346 0.5642694762819526 0.03407647099944877 0.556908392236305 0.5363781135231388 0.41086688089001666 0.11949671242658755 0.3843695884784786 0.6015881170149897 0.16247386146843512 0.06258522557894175 0.5935744191372446 0.5938922288413417 0.07094651259251405 0.5807650930721909 0.9381887177704267 0.01645380436499999 0.7623310879787072 0.23433187125919586 0.6118413457488251 0.6976881756556851 0.5898152094914324 0.7123880274662313 0.4057721344305941 0.19927434776654585 0.5432500859685141 0.5455441130289083 0.18947003223978442 0.11275021029391363 0.16390076097651807 0.43714432087361677 0.03837664703045218 0.7158278738701142 0.6609320113626396 0.811100632608893 0.8963339827801432 0.5745856311033481 0.5016565384442103 0.8222749677939518 0.3086823514229955 0.44652682786148057 0.34432301189763903 0.23432917013893728 0.6237402677603348 0.19411979671890767 0.1413964884510187 0.07136994771061245 0.4843266156471835 0.6464688083743335 0.22713207281725512 0.9831922846988821 0.9905473649639246 0.024855981726070064 0.8514642079991178 0.5256059840746992 0.7025838224904889 0.02120699435851714 0.43892471912631503 0.019148678151395537 0.08231058806189473 0.12300581459951332 0.47757744654923917 0.9982437883233144 0.4259444899191438 0.8196629542042757 0.9397156672126264 0.726831767794468 0.41649309385101996 0.7382025048811068 0.13683146653039358 0.11246995525492398 0.4099699688463526 0.9296590463932508 0.8681830960716563 0.9449131363968682 0.7035111895047537 0.9196011538577433 0.949565399524804 0.7002032724933491 0.8600463816070825 0.3525262511160695 0.9253275792337452 0.09604269478336303 0.8114617050600509 0.288378350147922 0.82201547272806 0.32420611468011884 0.7990932958896272 0.22043935325875053 0.8624641818137357 0.9272937514145686 0.39128199682365294 0.8931639844406507 0.017294198121627136 0.2550686441824228 0.38388288421903694 0.48719262755269155 0.9563226216817877 0.5705661871979516 0.622465521635346 0.18288490357709963 0.7088168554751322 0.41288353367833497 0.5567762690484637 0.32931970177138825 0.25433906552595953 0.7665113855795825 0.6516852916977103 0.18502948141732067 0.3786974991450266 0.004909868134428286 0.4320198435569508 0.9566756353752996 0.7189110577647718 0.16787113451869962 0.7972825208162094 0.3053407917711376 0.7773948041605584 0.8143638844444595 0.8720964490017845 0.6979433347948055 0.5434910388849602 0.33720606772223816 0.5482179399034411 0.07770399423077978 0.5248315818721123 0.5992327883427361 0.7385374125559134 0.23079848527637992 0.6005698095552511 0.18945084885272667 0.46626650041716755 0.013872952475647682 0.7768348381749718 0.7014255088775018 0.7304450780336653 0.446946384472548 0.3876519644397318 0.4334162776924275 0.04951780947759321 0.6486318733187714 0.07970144935328616 0.1729901283909191 0.22927406653968252
1.0 0.5 0.3333333333333333 0.25 0.2 0.16666666666666666 0.14285714285714285 0.125 0.1111111111111111 0.1 0.09090909090909091 0.08333333333333333 0.5 0.3333333333333333 0.25 0.2 0.16666666666666666 0.14285714285714285 0.125 0.1111111111111111 0.1 0.09090909090909091 0.08333333333333333 0.07692307692307693 0.3333333333333333 0.25 0.2 0.16666666666666666 0.14285714285714285 0.125 0.1111111111111111 0.1 0.09090909090909091 0.08333333333333333 0.07692307692307693 0.07142857142857142 0.25 0.2 0.16666666666666666 0.14285714285714285 0.125 0.1111111111111111 0.1 0.09090909090909091 0.08333333333333333 0.07692307692307693 0.07142857142857142 0.06666666666666667 0.2 0.16666666666666666 0.14285714285714285 0.125 0.1111111111111111 0.1 0.09090909090909091 0.08333333333333333 0.07692307692307693 0.07142857142857142 0.06666666666666667 0.0625 0.16666666666666666 0.14285714285714285 0.125 0.1111111111111111 0.1 0.09090909090909091 0.08333333333333333 0.07692307692307693 0.07142857142857142 0.06666666666666667 0.0625 0.058823529411764705 0.14285714285714285 0.125 0.1111111111111111 0.1 0.09090909090909091 0.08333333333333333 0.07692307692307693 0.07142857142857142 0.06666666666666667 0.0625 0.058823529411764705 0.05555555555555555 0.125 0.1111111111111111 0.1 0.09090909090909091 0.08333333333333333 0.07692307692307693 0.07142857142857142 0.06666666666666667 0.0625 0.058823529411764705 0.05555555555555555 0.05263157894736842 0.1111111111111111 0.1 0.09090909090909091 0.08333333333333333 0.07692307692307693 0.07142857142857142 0.06666666666666667 0.0625 0.058823529411764705 0.05555555555555555 0.05263157894736842 0.05 0.1 0.09090909090909091 0.08333333333333333 0.07692307692307693 0.07142857142857142 0.06666666666666667 0.0625 0.058823529411764705 0.05555555555555555 0.05263157894736842 0.05 0.047619047619047616 0.09090909090909091 0.08333333333333333 0.07692307692307693 0.07142857142857142 0.06666666666666667 0.0625 0.058823529411764705 0.05555555555555555 0.05263157894736842 0.05 0.047619047619047616 0.045454545454545456 0.08333333333333333 0.07692307692307693 0.07142857142857142 0.06666666666666667 0.0625 0.058823529411764705 0.05555555555555555 0.05263157894736842 0.05 0.047619047619047616 0.045454545454545456 0.043478260869565216
1.0 0.5 0.3333333333333333 0.25 0.2 0.16666666666666666 0.14285714285714285 0.125 0.1111111111111111 0.1 0.09090909090909091 0.08333333333333333
0